00001100
10000100
00000100
00110100
11101111
00111000
01101010
11101000
00011000
00000100
10110010
00001000
10110101
10010100
10100000
01001001
00000001
11100010
01010011
01100101
00011010
11001101
10001010
10100001
01010101
11100111
10000010
01110101
10101111
11001011
01010100
01010111
01001101
10010011
11010000
01100101
01000110
11000100
01011001
11111100
11101110
11101010
00001010
11101110
11110100
11001101
11100010
01000011
11111110
10000010
11010101
10010001
01100111
10000011
11110011
10100001
01110000
00101110
00010011
10000001
11010110
01010111
10011000
11110110
00101111
11111100
11010101
01001101
10111001
00001000
00000100
10110000
00011011
10011101
10111011
10101001
11100011
00000101
10111111
10001000
10000110
00101011
01101000
00000110
11000100
10111011
11110110
10001011
00011010
00001001
01101010
00011011
01111101
01111000
00001100
01111110
01001010
10100101
00100100
01101001
01011101
00100001
00001110
10001111
00110000
00000111
00101101
11111101
11100111
01101010
11110100
01110110
00101011
11100101
11001000
00000000
11011100
10000010
10000111
01001111
10001000
11111100
11110101
10110000
01010011
00110000
01001110
11011111
