10011011
01011011
11011110
01010111
01011000
10001100
00011011
11010101
01000111
01000101
11011110
01110010
10100001
00111010
00111010
00111010
00001010
10110111
00000000
00100011
11000001
00010001
01010111
11011001
11110000
11101101
01000011
00100000
01000011
10000011
10110100
10011100
11101001
10101000
01011110
11110110
00010011
00100111
11011101
00100111
01001100
00100011
10110000
10101100
01001111
10001110
00000110
01001001
11010111
00000101
01110100
11101100
00011001
11101000
01101011
01101100
10000101
00100010
10101010
10111000
00101111
01011001
01111011
11101100
00001111
11111000
01110100
01001110
01010010
00000011
11010101
10101100
01111101
01011100
00000100
11111111
01011110
10111110
11111110
01010011
00001011
10100000
11000101
01001100
11011000
11111101
00010000
00111010
11010100
01100011
10001000
01110101
00010001
00000100
11000001
10111001
11100100
00110111
01001101
11000111
10100101
01110111
00011100
00101001
00010001
11011010
01001010
10010001
00001100
00101110
00000000
11000111
00011001
00101010
11010110
11000001
11000000
01111001
10010001
01110111
00101011
10111000
10010011
10100111
10011111
00110101
11101000
10001010
01010100
11101111
10110000
11010110
00001111
11100110
11001011
01111110
00101011
10111000
00110011
11100101
00100000
11000011
11010001
11110010
10111010
01011101
11011001
11001001
11000011
10101010
10100101
01101110
00000110
01010000
01111100
01111000
01111011
00111010
10011100
11110110
11001111
11101110
11100101
00111010
10111110
11011100
01101000
10011110
10001011
00110000
00101111
00100000
01111111
01001000
11001111
10001111
10110111
10001101
00111101
01010001
01101011
11110000
10101010
11001111
01101101
01111011
00000110
00000001
10100000
00000000
00011100
01000001
01111011
10011001
01010111
10000011
11000010
10000011
11110011
00001011
10100101
00111001
01011111
00011010
00000001
10011010
11110100
00111010
11011110
11010010
01001111
10011100
01110011
11000101
00011000
10010011
01101110
10110001
01010110
10100110
11110011
11000101
00011111
01101111
00100001
10001000
10110110
10111001
00000111
00000110
00001010
00111010
01100110
11001011
10001110
10001100
00110100
00101111
01011110
11100111
00101111
00001001
01000010
01001111
00010111
10101111
01001111
10111000
11010111
01100101
10000011
01101010
11100000
11011010
11000111
11011100
11011000
00111100
01110111
01011011
00001001
11010011
11111011
10100110
11100111
10110111
00000101
11010001
10001101
01001110
01111000
10001100
01010001
01011111
11110100
11101110
10111000
01110011
11000110
00011011
01011110
11101000
00101110
10010001
10101110
00011010
00011011
11100001
10001011
01101001
10101110
01001001
01011111
11100111
10000001
00100000
10101100
11001011
00010110
11101001
11011001
01001111
10100101
00001001
10100010
11011000
10000111
11001000
10101000
00110101
11010011
11001110
01111011
11111101
10000000
11001001
00100110
10100110
01000000
11001111
11101001
01100001
01010010
10011110
11010110
11110110
01110100
10101010
10110011
01100101
00000001
00010100
11111010
01100111
00000001
11100111
01111111
10100010
00110001
01101111
00100011
01011001
01110010
10100100
00011111
00010011
10010000
10100001
00111111
11111010
11000100
10101101
00101001
11101111
10011101
10001100
10000111
01011111
01100110
00100000
11010011
01011001
01010111
00111010
10110100
00100111
11101111
01011101
01101001
11110100
01001100
10111001
11101110
11100100
10101001
11001100
10000100
10010010
00011100
01010110
10000111
10011110
01010101
01100100
00010110
01100000
01010010
10110110
01000011
00010100
11011001
11001100
00011101
00111011
11010011
10111000
00111001
10100010
11110111
10000011
10011000
01011111
00000111
10111100
01101100
01101100
00000110
01010001
10010100
00111110
00111101
01111111
10010101
11111111
10010101
11011011
11100010
00101111
01001100
11000110
00110101
11100010
00010100
10000111
11010111
11111001
01001011
00100101
01111000
00010111
10100011
00011001
11000101
00011110
10110101
10000010
11011001
00010011
11011111
00000000
11111110
00001010
10111011
11101011
00100110
11000111
11101001
01001010
00100100
11011011
00001111
11100101
10110100
11000011
00100110
11001011
10110110
00001000
11001111
00100001
10111001
10001110
01110100
11111010
01000111
11111011
10100110
10010100
00111111
01011001
01100000
10000000
11101111
01011010
11110000
10111111
10001110
00111001
01010001
00101111
00100010
11100111
00111000
11111100
10010101
11010110
10100000
10111010
00010011
11111011
10110101
11011000
00011100
11011010
00111010
00111001
01100011
11010011
11001000
10000010
10111110
11011101
10001100
10101010
00001001
10011010
00101110
11011110
11011000
00110001
11101100
01101010
00110001
10010110
10000011
00011101
00111010
00110101
10001100
00101111
10100101
01000110
10010100
01110010
11100110
10010100
10000110
11110001
00000101
00000011
11110001
01011011
00011000
01110011
10010011
00001111
11110001
10011011
00001101
00001000
10010100
11110100
01101111
01111101
01011101
10011101
11010111
00001010
11000001
00100000
11001011
01001001
01100001
11101000
01100100
01101100
11001101
10001111
11010101
10001001
00110010
00101010
11111110
01011001
10101000
01111110
10100010
00010011
11000110
10011100
00111000
11111000
00000111
00010011
10110110
11111000
01010000
10101010
00100010
01011011
00110110
01110100
01100011
11100110
01101101
01111011
01001101
11100010
11011010
01001001
11010111
00100110
00110110
11001010
11111010
00001110
11101100
01001011
11111100
10100110
10011010
10110100
00011111
00111100
10111010
00101100
00101000
01111001
01100101
11110010
01011111
01100100
01111000
10001101
10100000
01110010
00000001
11101100
11001100
10001101
01001100
11011101
10101101
11001000
01010110
10011010
00100010
00100111
00101011
01001001
01100000
01011110
10110100
10110011
00011010
01101111
01110001
01001000
01111110
00011110
10111010
10101100
11111000
01101010
00111001
11101100
11010011
00010010
11110110
01111110
11110000
00000000
10010100
00111111
11000101
00011111
11001011
01001111
11111100
11100010
01100110
10110100
00000111
00011010
11100101
10001100
00000000
01100101
11011100
10111010
10001110
11000101
00100001
11011101
10110101
00111010
10110011
10100011
00011100
00111111
10000011
00000100
11111101
10000010
10001110
10111000
00110100
01010100
10010000
11010000
11000100
00010010
10100101
01000111
00111001
10111110
11010111
00111010
01101011
01000010
10100001
00110100
10110010
11001110
10000000
11001011
10000000
00110101
00111010
10110010
10011100
10100101
11110000
01000011
00101101
01101001
01111011
01101101
11001110
00001110
10110010
00000011
11001001
00011010
10101100
10001011
01111000
00011010
01101011
11001110
00000110
01101101
11100101
11000101
01000111
11100001
00000111
10000100
01000100
11011010
11100111
10111010
10110001
10010000
00110101
11100011
01000100
11101110
00011010
11110100
01111110
10101010
10010010
00011110
00000001
10000011
11000101
00100001
10110001
00101101
10111101
11000001
00010010
10011010
01010110
01111101
01100100
00000001
11111011
00100110
10100001
11010101
10111100
01111010
10010111
11111111
00011000
00111110
11000110
01101101
10010100
01011111
11111100
01101011
01110111
10100000
10111110
11000110
10000001
01100110
01101111
00111110
10001100
00011010
11101000
11101111
10111101
01100101
00000001
10000110
11111010
00000101
10111000
11101011
00001110
11101100
11011010
10100000
00001110
00100000
00000011
00001110
00010010
11010110
10000100
10011011
10110101
00111100
10001100
00111010
11111011
10100100
10100110
01111101
10111111
11010000
00010011
10000101
11100101
10011110
11111000
11111001
00110100
10101111
10011011
01101111
01110010
00110101
11111101
11010100
00110000
01010101
11010110
00001101
10101101
10001010
10010111
10011010
11100000
01100100
01101101
01011000
10111001
00110110
11001110
11110111
11000011
00000010
01001111
01101011
11111110
01110001
10110101
11000100
00001001
01000011
11011001
00000001
11101101
00100000
01000100
11101011
10111000
10110101
01101001
00011111
11100000
01010110
10010101
00011110
00011011
11101011
00100101
01100101
11100100
01011110
00110000
01110000
00011100
11100011
00010001
10111011
00010001
00001010
10101011
10100010
11000100
10010100
01111101
11010000
01100101
01110101
11001101
00000011
10011111
01010100
01100011
11010111
00101000
01001111
01001101
00100100
10011100
01010000
00011100
10110100
10111000
11001110
01001000
11001110
00000000
00110010
01100100
00101111
01011000
00111010
10110101
10010011
11000111
00100111
00010001
11000001
11110111
01001000
10011011
00010100
10101010
11001110
11011000
10010000
01011101
10000001
00101011
00011101
01111111
00011111
01101000
01101101
10110101
10010110
01000110
01001101
11110111
10000111
00010000
11011010
01001010
11110000
10101010
01010000
11111001
00100101
00110001
11100010
11111000
10001110
01100110
00010110
10000110
01101110
10011011
11000111
00100010
11111101
10101110
01110100
01010101
00101100
11110101
11010100
10111100
10011010
11111100
00011010
00111001
00011110
10011000
01110110
00111011
00001100
00101000
11101101
11011010
00011000
11100111
01011110
00010000
00011010
00010101
01101111
00100001
10001111
11011101
10001111
11100010
01111000
01100011
00111110
10101011
11111001
11101011
01111000
11100100
11011011
11001010
11001111
10110110
11110110
01011000
00001001
01011111
01000010
01011101
00000000
10011000
00010101
11101100
10100110
11010101
01100011
10111001
00000001
01100100
01011101
10101000
10100110
01001111
10010010
11101011
11111011
01110101
10001001
01111111
10100101
11010110
11110111
11001001
11010001
10100110
01011010
10010111
01111111
00110000
01011101
01011001
10101010
10001010
00011010
11010110
10101101
01001001
10011001
00111010
11111011
00101100
10111011
00010001
11011100
10000110
11000101
01000001
00101000
00100011
00000110
00110011
00001001
10111110
11101010
11100101
00111110
01001010
01000001
01101001
00001011
00010100
01100101
11100001
01110011
10000101
11101001
10101110
00111000
01110111
11101000
11000011
01111011
00010001
00011111
11100111
00111111
10100111
11100100
10101101
11101000
11011111
10111000
01110111
11010000
01010000
11001110
10101001
01011001
11110110
00101110
01110111
01111001
11100101
11110111
11110111
00111010
00000010
01000001
11010010
00010000
10110000
11101001
10111001
10001001
11001000
10010000
11111111
01010011
10111101
10100100
01101010
11001100
11110101
00001001
10110011
10011001
11011000
00100100
11001111
10001000
00111010
11101101
10111001
10010110
11000110
00100111
00110010
01101101
