01110100
10101110
00111011
10101011
01110000
01101010
00000100
01011101
10100001
00100011
11000010
10100101
10011001
11100101
11101000
10110110
10100011
00100000
01000100
01100111
10111100
00010000
11010111
01000100
11101010
11010100
01110001
10010001
11100011
11100001
00101011
11100111
11101000
10011111
11000111
11100011
10100100
00010001
01110101
10000011
11000001
11111101
11011111
10001001
01110101
00000100
01010011
01110101
11000011
00101010
00011101
10000000
00001101
00011101
01010111
01010110
01001000
10011111
00100010
10110010
10111000
01111000
10010100
00001001
00001101
11100100
11101110
01111001
01010100
00011010
00111110
11010111
10011000
11100111
11011111
01000100
01100101
10000100
01011101
01101010
11110101
11011111
10110011
01111010
11001111
11101011
10100011
01111100
00001011
10011010
11111110
00111000
10000100
11010110
01100001
00101010
11111001
01110101
11110101
00101111
11000001
10011010
00110111
11010000
00010001
11100110
10000101
11111010
10010001
11000001
01110100
00010100
01111101
10000101
00001010
01001011
10011100
11101111
01010011
10010000
00001010
01011111
10010100
00010101
10100100
10111111
01010000
11010000
01000000
00101101
01010010
11101111
01000000
00101000
01011100
01111101
00011110
01010000
10011111
10010010
11101011
10100110
11010111
11000101
00110101
10000100
10011000
00110010
11110011
10110000
10100100
10000011
10111100
01100101
11011001
01000111
01100110
01101100
00000011
01110100
10000001
01100100
01011011
00011100
10100010
11010000
01010101
00001101
11111011
10111011
11011110
00011101
11011001
00100001
01001001
11100011
00100101
10110110
00011000
00111001
11111010
00011110
00100111
11000001
11101000
11010000
11010100
11010111
11010101
01110110
10011000
01100001
01011000
00000010
01100010
10101100
10001011
00101111
01111101
11101011
00011110
10011110
01000111
00100010
11101001
00100101
00101011
01111010
11100101
00011101
10001000
00011011
11101001
00101101
00110101
10111010
00101101
00000101
11001101
01001110
11001110
00111010
11000011
01010000
00000110
00001000
00101010
10111101
00010101
01010000
01011101
11011000
01000001
10010101
11011110
10100110
00101100
11000001
10110001
11011010
11010010
01101100
01001111
00100111
00100010
00111101
11010111
00001001
00010011
01000001
01000010
10000001
01001000
10000010
01011100
11100100
11011011
11101011
01100011
10010101
00101111
00000000
01000000
11001010
00001001
10101110
10011101
10011000
10111000
10110110
11111001
10101001
01000100
10010010
01110100
11010000
01001100
01000001
00100011
01111100
10101001
01111110
10101000
00100100
01100110
11011101
01110010
10101111
10000000
10111001
11000011
11011110
10111100
01000010
10010110
10101101
01001001
11001011
01000000
01110001
00111001
10111010
00011000
01100001
10011000
00101111
01000011
11111011
01111110
01110111
11101010
10100001
10000100
11000011
00001110
01100000
00101000
01100001
11110010
00000011
10110010
01101110
01110011
10100010
00000111
10011100
01101100
11101110
10100001
11110010
00000010
10001000
00110011
10100101
01110011
01000011
00011101
01010111
11001000
10101010
11111001
10001100
10110001
10100101
00010111
01110000
00011011
00111001
10100010
00000101
00101110
01111100
11100011
00100011
11010010
10101010
11001010
00100000
00100100
11110010
00001100
11001000
01000011
11000000
11110000
11110111
10101001
11010110
10010111
01001101
01100011
11110101
00011001
11011011
11010010
10010000
00000000
00001001
00111000
11000001
01001101
00010110
11110001
00001010
11100111
01110111
10100011
10011001
10100100
00000101
01111010
11000101
11000000
01001101
01110100
01000000
01010100
11100011
01111111
01100010
11011000
10101011
11101101
10010011
01010001
11100101
10111111
10111011
00100110
01010111
11001011
01110000
00001110
11100010
11100000
01111010
01011010
01111011
10001111
01111110
01011011
01101010
00101100
01100011
11010110
01101011
01111110
01001001
00100100
00011000
11111111
01101010
00011010
01101111
10111001
01100000
11011011
11001110
10011001
00000110
01001000
11111100
10010011
11001000
11110000
10010101
00011001
11011011
00010000
10100100
11010011
00100001
11111001
10000000
10010110
11111001
00001100
11111011
01010010
11111100
01010101
00000101
11111101
01011111
11111000
01101011
10011011
01000010
00101100
10000010
10000100
10010111
10100010
01101000
00001111
01110000
11010101
11101011
01110110
11000000
01000110
11000011
11001010
01001101
01110111
11001011
10011010
00011111
00111110
11011000
11001000
10111001
11001010
01100001
00001111
11111100
01011010
10110111
00000100
00011010
01110001
01001110
01100001
01001010
01011001
11110100
01111010
10011000
11010101
11111101
00010111
10100010
11010000
11111000
11110110
01011010
01100011
10100110
10101001
10001111
10000011
00100100
11110001
00000110
00111110
00111010
10001101
10000101
10110110
11010000
11100000
00110000
10100011
10011010
00111010
10001011
00111110
01001100
10011011
00100000
10111101
01001000
11100111
11000000
00000100
10111010
10111011
10111110
00111000
11110000
10101110
00000111
00001110
00100110
11001111
01100111
11110101
01110001
10010000
00100111
01000000
11000110
01001101
10001100
00101001
00000110
10000100
10111101
01111011
01110001
11011001
11111000
10110000
01000010
11101000
10000100
10101110
10000010
00100110
10001110
01111100
11011110
11100010
11000010
00010101
10111011
01001000
01001101
10110010
10101101
00010111
00000011
11110100
10101010
11100100
01101000
00011110
00001011
00110100
00010001
10001011
00010000
11110010
00011100
11000100
00000000
00011111
11110011
01011111
01100111
10010010
00010001
11111111
11001000
10110000
11101110
00101001
10011110
10001101
01110101
10011111
01000110
00001110
01110001
01111010
10101110
11010010
11111111
01101111
10111110
10110000
10100011
11100001
11010100
00000001
01011010
11110111
01111110
01100000
10100001
10011101
10100100
11101111
11111000
11100011
00110010
01001100
00110010
10010001
10110100
01111101
11011001
11000010
10010100
10010010
11111101
01011110
00111010
01000001
10101101
11100110
00100011
01000111
10011000
11100111
01111110
11101101
10001001
01010111
00101011
11010100
11110100
10010010
00000011
11101100
01000001
11001100
10101010
00100001
01011110
00000000
11010010
00101111
10011000
01001111
10100100
10111000
10010111
11101110
11101001
11011010
11001101
00000100
00101010
10100001
00101110
00011011
11001000
01011011
11101010
00000110
00011000
00111001
01001101
11101100
10011011
10010111
01101111
00001101
01101010
00000100
10100101
10111101
01000100
01110111
11001011
10100111
00110110
00011001
00110110
10001100
00111101
10101010
11100100
11110110
00011101
11101001
10011001
00011001
00010001
01010111
11001000
10101000
10000110
11100100
10001010
01011110
00101011
10110111
00101110
00000010
11110111
11011111
01101000
00110100
00000011
10110101
11101011
00111010
11111111
10001001
00000001
01011101
00101101
01010111
01110011
10010011
11110001
01101010
11000101
10000010
00110111
00001101
10100001
11001011
01010110
01010111
11110100
11011000
11110000
11000110
10101111
01001101
11011100
01101100
10001100
00100000
10110111
00000010
01000001
01011101
10100011
01101101
10010111
01111000
10001010
00011100
10101001
11100111
10000101
11110101
11100100
11000110
10000010
01100101
00010110
01101011
01010011
00110010
10000001
01010101
10000101
10001101
10110101
11010111
11110001
00011100
01011010
00110110
00001010
10100111
11110011
01110111
01110101
01111100
10110110
10111100
11110010
00101011
00110110
10111011
10000100
01100000
10000001
10100000
10111001
11000101
00101000
10010101
10001111
00000001
11001010
01010001
00000101
11001111
11110101
01010000
01100001
00010101
00101010
10001110
00110010
10100011
00100001
10011101
10100101
11000110
10000010
11101101
10000011
10101111
00000001
00001000
10100001
00100110
01001101
00001011
10010110
10011001
01011011
10101010
11110001
01011110
11110000
11101000
11101000
11000100
11011100
11010000
01010111
11001000
00010011
10100111
11000110
10010010
00000111
10101001
10100001
00111011
01010010
01011101
01000111
10110011
10011101
00111010
01010011
11010000
10111001
00101101
10111011
01001100
01011010
00011001
11010010
01001111
11110111
00000000
01110001
00000010
01000011
10001110
00110001
10010111
11100011
10101110
00110000
00101010
11100100
11111111
00011100
10111100
00010101
01101000
00100101
01000001
10111101
11001000
01100011
11001011
10001000
11110100
10011011
10011010
10011011
00101110
10000111
11011111
01001011
11101001
00110011
10011110
00001100
10101100
11111010
00011101
00011111
11101100
01111010
10001010
10000001
11010111
01000000
11111110
00101011
00010011
00001001
00100011
00110101
10010111
01010101
01111100
10000100
10111111
01110110
01111001
01110000
10110101
10001010
11101010
11110001
00111100
10000010
11101000
10001001
01101101
11001010
00101101
01001000
00100111
10000110
11001011
10111001
11000010
00011100
11010101
11110101
11110001
00011001
11000011
01110111
01110101
10011110
10101010
10110010
01100001
00010011
10001010
01010110
01101100
10100000
00110011
11001010
00100101
10001101
11111100
01010011
11110011
10101011
01001011
00110010
01010111
00100010
11011011
00001101
00010000
11011101
10100011
11000101
00100100
10011110
10110001
01101100
00011001
10010000
00011011
01111011
11010111
01101101
11000111
10010000
01110001
01101100
11010010
10000110
